State,District,Block,Village,n_High,n_Medium,n_Low,p_High,p_Medium,p_Low,k_High,k_Medium,k_Low,OC_High,OC_Medium,OC_Low,pH_Alkaline,pH_Acidic,pH_Neutral,EC_NonSaline,EC_Saline,S_Sufficient,S_Deficient,Fe_Sufficient,Fe_Deficient,Zn_Sufficient,Zn_Deficient,Cu_Sufficient,Cu_Deficient,B_Sufficient,B_Deficient,Mn_Sufficient,Mn_Deficient
Agaram,CHITTOOR,GUDUPALLE - 4760,Agaram,0,0,23,15,4,4,7,14,2,0,2,21,0,0,23,23,0,20,3,15,8,15,8,22,1,19,4,21,2
Anagarlapalle,CHITTOOR,GUDUPALLE - 4760,Anagarlapalle,0,1,4,4,0,1,1,3,1,0,1,4,0,0,5,5,0,4,1,5,0,5,0,5,0,5,0,5,0
Anganamalakothuru,CHITTOOR,GUDUPALLE - 4760,Anganamalakothuru,0,0,5,2,1,2,4,1,0,0,2,3,0,0,5,5,0,4,1,4,1,2,3,5,0,5,0,5,0
Avulathimmanapalle,CHITTOOR,GUDUPALLE - 4760,Avulathimmanapalle,0,0,26,20,4,2,4,20,2,0,2,24,0,0,26,26,0,24,2,18,8,20,6,26,0,23,3,23,3
Beggilipalle,CHITTOOR,GUDUPALLE - 4760,Beggilipalle,0,1,16,8,8,1,6,9,2,0,1,16,0,2,15,17,0,15,2,16,1,12,5,17,0,16,1,16,1
Bijiganipalle,CHITTOOR,GUDUPALLE - 4760,Bijiganipalle,0,0,1,1,0,0,1,0,0,0,0,1,0,0,1,1,0,1,0,1,0,1,0,1,0,1,0,1,0
Cheekatipalle,CHITTOOR,GUDUPALLE - 4760,Cheekatipalle,0,0,13,9,3,1,5,8,0,0,3,10,0,0,13,13,0,13,0,13,0,9,4,13,0,12,1,12,1
Chinnagollapalle,CHITTOOR,GUDUPALLE - 4760,Chinnagollapalle,0,10,27,34,1,2,22,13,2,2,10,25,0,0,37,37,0,33,4,30,7,29,8,37,0,33,4,34,3
Dasimanipalle,CHITTOOR,GUDUPALLE - 4760,Dasimanipalle,0,2,25,19,6,2,10,14,3,0,8,19,0,0,27,27,0,22,5,22,5,20,7,27,0,25,2,26,1
Gokarlapalle,CHITTOOR,GUDUPALLE - 4760,Gokarlapalle,0,0,5,2,1,2,2,1,2,0,0,5,0,0,5,5,0,5,0,4,1,5,0,5,0,5,0,5,0
Gudupalle,CHITTOOR,GUDUPALLE - 4760,Gudupalle,0,1,6,5,2,0,3,3,1,0,1,6,0,0,7,7,0,6,1,5,2,6,1,7,0,7,0,7,0
Irisiganipalle,CHITTOOR,GUDUPALLE - 4760,Irisiganipalle,0,0,1,1,0,0,0,1,0,0,0,1,1,0,0,1,0,1,0,1,0,1,0,1,0,1,0,1,0
Kanamanapalle,CHITTOOR,GUDUPALLE - 4760,Kanamanapalle,0,10,39,28,13,8,16,26,7,0,19,30,0,0,49,49,0,40,9,42,7,41,8,49,0,45,4,45,4
Kodiganipalle,CHITTOOR,GUDUPALLE - 4760,Kodiganipalle,0,0,1,1,0,0,1,0,0,0,0,1,0,0,1,1,0,1,0,1,0,1,0,1,0,1,0,1,0
Kotapalle,CHITTOOR,GUDUPALLE - 4760,Kotapalle,0,0,7,3,4,0,3,4,0,0,0,7,0,0,7,7,0,6,1,5,2,5,2,7,0,7,0,6,1
Kuppiganipalle,CHITTOOR,GUDUPALLE - 4760,Kuppiganipalle,0,0,1,1,0,0,0,1,0,0,0,1,0,0,1,1,0,0,1,1,0,1,0,1,0,1,0,1,0
Lingapuram Dinne,CHITTOOR,GUDUPALLE - 4760,Lingapuram Dinne,0,0,3,3,0,0,2,1,0,0,2,1,0,0,3,3,0,3,0,3,0,3,0,3,0,3,0,3,0
Malavanikothur,CHITTOOR,GUDUPALLE - 4760,Malavanikothur,0,0,1,1,0,0,1,0,0,0,0,1,0,0,1,1,0,1,0,1,0,1,0,1,0,1,0,1,0
Nalagampalle,CHITTOOR,GUDUPALLE - 4760,Nalagampalle,8,11,27,17,20,9,37,7,2,6,15,25,1,0,44,46,0,27,19,13,33,27,19,46,0,43,3,40,6
Onnapanayani Kothur,CHITTOOR,GUDUPALLE - 4760,Onnapanayani Kothur,0,0,18,12,4,2,5,12,1,0,0,18,2,0,16,18,0,16,2,15,3,12,6,18,0,15,3,17,1
Peddagollapalle,CHITTOOR,GUDUPALLE - 4760,Peddagollapalle,0,1,0,1,0,0,0,1,0,0,1,0,0,0,1,1,0,1,0,1,0,1,0,1,0,0,1,1,0
Pogurupalle,CHITTOOR,GUDUPALLE - 4760,Pogurupalle,0,2,14,10,5,1,10,6,0,0,5,11,0,0,16,16,0,13,3,11,5,15,1,16,0,15,1,15,1
Settipalle,CHITTOOR,GUDUPALLE - 4760,Settipalle,0,6,17,16,4,3,11,12,0,0,14,9,0,0,23,23,0,19,4,19,4,17,6,23,0,21,2,21,2
Sodiganipalle,CHITTOOR,GUDUPALLE - 4760,Sodiganipalle,0,0,22,19,2,1,6,16,0,0,5,17,0,0,22,22,0,20,2,18,4,18,4,21,1,20,2,21,1
Thalai Agraharam,CHITTOOR,GUDUPALLE - 4760,Thalai Agraharam,0,1,2,2,0,1,2,1,0,0,1,2,0,0,3,3,0,2,1,3,0,3,0,3,0,3,0,3,0
Vengepalle,CHITTOOR,GUDUPALLE - 4760,Vengepalle,0,0,3,1,2,0,0,3,0,0,1,2,0,0,3,3,0,2,1,1,2,2,1,3,0,2,1,3,0
Yamaganipalle,CHITTOOR,GUDUPALLE - 4760,Yamaganipalle,0,3,47,32,13,5,24,23,3,0,9,41,1,0,49,50,0,44,6,33,17,37,13,50,0,43,7,46,4